A = [1:5; 6:10; 11:15; 16:20];
result = [1, 1, 1, 1] * A * [1; 1; 1; 1; 1]